117.60000000000002
147.60000000000005
118.40000000000002
154.40000000000003
121.60000000000001
115.20000000000002
124.00000000000003
133.2000000000001
126.0
114.39999999999999
156.8
117.60000000000001
110.80000000000003
108.4
115.6
116.8
124.39999999999998
122.40000000000002
132.0
120.4
130.40000000000003
133.2
111.60000000000004
120.80000000000001
113.2
119.60000000000001
144.40000000000003
128.8
116.0
132.40000000000006
135.20000000000007
122.00000000000003
145.99999999999994
126.80000000000003
264.00000000000006
121.2
159.60000000000002
147.20000000000005
112.39999999999999
113.60000000000002
123.59999999999998
122.39999999999998
133.2
122.79999999999998
131.60000000000005
124.80000000000001
133.60000000000005
122.8
118.4
139.60000000000008
146.80000000000007
113.60000000000004
116.00000000000001
128.40000000000003
125.20000000000002
119.20000000000002
128.40000000000003
120.0
116.40000000000003
132.40000000000006
124.80000000000001
118.4
142.40000000000003
118.39999999999999
117.6
107.99999999999997
135.6
110.79999999999998
119.60000000000001
104.40000000000002
131.60000000000005
120.4
121.6
116.80000000000001
132.00000000000009
126.39999999999999
120.4
130.00000000000003
113.20000000000003
132.40000000000006
143.20000000000002
124.4
172.80000000000007
118.39999999999999
120.40000000000003
122.0
118.00000000000001
124.79999999999997
136.40000000000006
122.39999999999999
112.0
119.60000000000002
126.80000000000004
110.0
137.6000000000001
114.00000000000001
118.8
135.2
135.20000000000007
127.6
142.40000000000006
125.60000000000001
190.40000000000006
124.79999999999998
118.0
134.40000000000003
119.60000000000002
115.19999999999997
136.40000000000003
108.39999999999999
127.20000000000002
135.2000000000001
124.0
112.4
128.80000000000004
112.79999999999998
128.4
138.0000000000001
137.2000000000001
128.00000000000006
124.79999999999998
125.2
142.80000000000004
134.80000000000004
118.4
113.20000000000002
121.60000000000001
148.00000000000006
125.20000000000002
106.4
112.39999999999999
144.8
125.2
134.0
114.39999999999999
113.60000000000001
132.80000000000004
137.2
106.00000000000001
115.60000000000001
132.40000000000006
108.8
136.00000000000006
129.2
122.00000000000001
146.80000000000004
123.6
110.39999999999999
116.0
119.20000000000002
115.60000000000001
127.20000000000003
119.2
116.80000000000003
129.20000000000002
144.40000000000003
115.19999999999999
130.00000000000003
140.4
120.0
136.00000000000006
188.4
114.00000000000001
146.39999999999995
119.6
113.2
120.00000000000001
130.80000000000007
129.60000000000005
130.4
114.39999999999999
120.00000000000004
115.20000000000003
138.39999999999998
140.0000000000001
123.60000000000002
114.4
119.2
134.40000000000003
119.19999999999999
118.4
115.99999999999999
118.80000000000003
124.4
148.00000000000006
118.39999999999999
104.8
125.60000000000001
128.00000000000003
142.8000000000001
148.80000000000004
122.80000000000001
131.60000000000005
114.4
133.20000000000007
120.40000000000002
132.00000000000003
123.2
111.6
130.80000000000007
122.40000000000002
119.60000000000002
205.20000000000005
121.19999999999999
126.80000000000003
138.80000000000007
122.40000000000002
124.80000000000001
110.4
107.6
122.0
125.60000000000001
124.8
117.20000000000002
118.4
107.6
134.8000000000001
117.60000000000001
128.40000000000003
138.8000000000001
111.99999999999999
117.60000000000001
117.60000000000002
118.40000000000003
114.79999999999998
118.80000000000001
112.0
115.60000000000001
114.39999999999998
136.00000000000009
111.6
139.2000000000001
121.20000000000003
121.99999999999999
118.40000000000002
130.4
132.00000000000009
116.80000000000001
122.4
127.60000000000001
111.99999999999999
117.99999999999999
110.0
130.00000000000003
112.39999999999999
132.00000000000006
155.60000000000008
119.2
111.60000000000001
137.20000000000002
134.00000000000006
118.8
116.8
117.60000000000001
100.80000000000001
134.00000000000009
127.60000000000001
127.60000000000002
121.6
112.40000000000002
115.20000000000002
116.4
126.80000000000003
129.20000000000002
116.39999999999999
128.40000000000003
122.80000000000001
122.0
112.8
123.99999999999997
121.60000000000001
127.60000000000001
110.79999999999998
126.40000000000002
124.80000000000003
121.2
142.40000000000006
128.8
111.6
136.00000000000006
103.60000000000001
126.0
113.2
125.20000000000003
139.60000000000005
128.4
115.19999999999999
107.19999999999999
153.6
126.8
143.6000000000001
110.4
120.4
120.0
114.8
108.0
130.80000000000007
113.2
112.8
121.60000000000001
122.80000000000005
110.80000000000003
122.39999999999999
134.8000000000001
109.6
117.60000000000002
124.39999999999999
125.99999999999999
125.19999999999997
131.60000000000002
138.80000000000007
117.60000000000001
131.60000000000005
149.20000000000005
119.60000000000001
112.0
124.40000000000002
105.60000000000001
124.40000000000002
128.80000000000004
123.60000000000002
137.2
136.00000000000009
133.2
123.60000000000001
120.8
128.4
140.40000000000003
134.8000000000001
120.4
116.80000000000001
142.40000000000003
115.60000000000001
118.0
133.2000000000001
134.00000000000006
132.00000000000006
138.40000000000003
115.19999999999999
109.2
113.60000000000001
113.60000000000001
151.20000000000005
111.6
124.8
132.80000000000004
144.00000000000003
126.8
156.40000000000006
108.0
133.2
114.80000000000003
118.8
126.79999999999998
105.20000000000003
142.39999999999998
138.80000000000013
122.4
113.60000000000001
134.00000000000006
127.60000000000001
112.00000000000001
113.19999999999997
116.80000000000001
125.60000000000001
133.60000000000002
111.2
131.20000000000007
121.60000000000002
137.60000000000002
126.39999999999999
131.60000000000002
145.60000000000016
141.20000000000005
120.40000000000005
927.5999999999992
112.39999999999999
124.40000000000003
106.0
155.60000000000008
127.6
126.00000000000001
134.8000000000001
138.00000000000006
131.20000000000005
124.40000000000002
129.20000000000002
129.6
124.8
105.2
139.6
124.00000000000001
115.20000000000002
119.60000000000001
114.00000000000001
121.6
122.0
138.00000000000006
155.2000000000001
137.20000000000007
119.20000000000002
121.6
108.4
124.4
117.20000000000003
134.00000000000006
109.2
130.00000000000006
125.60000000000002
114.00000000000001
117.60000000000001
118.39999999999999
113.60000000000001
109.60000000000001
145.20000000000005
127.6
130.80000000000004
127.59999999999998
120.00000000000001
128.4
108.39999999999999
145.1999999999999
120.4
136.80000000000004
140.79999999999998
133.60000000000008
119.60000000000001
123.2
142.79999999999998
119.99999999999999
137.6000000000001
111.2
123.59999999999998
108.4
150.80000000000007
130.80000000000007
112.8
105.2
140.39999999999992
158.8000000000001
118.00000000000003
173.60000000000005
117.60000000000002
111.60000000000002
117.20000000000002
140.80000000000004
110.8
128.4
110.80000000000003
126.80000000000003
150.00000000000003
119.19999999999999
127.60000000000002
130.40000000000003
117.60000000000001
116.40000000000002
146.80000000000004
117.20000000000002
126.80000000000004
134.8
128.00000000000003
130.40000000000006
118.8
144.40000000000006
147.2
138.4000000000001
132.80000000000007
149.20000000000002
138.79999999999995
121.6
129.20000000000002
113.19999999999999
118.00000000000003
122.0
124.4
119.60000000000004
123.6
112.8
126.80000000000004
124.8
122.39999999999996
129.20000000000005
111.59999999999998
119.20000000000002
112.79999999999998
138.00000000000009
145.20000000000007
136.79999999999998
107.60000000000002
120.8
112.0
148.00000000000003
128.00000000000003
117.60000000000001
121.6
131.20000000000002
130.0
115.60000000000002
117.2
141.2
108.4
119.20000000000005
117.60000000000001
153.2
132.4
128.8
128.80000000000007
105.2
120.00000000000001
116.4
116.8
126.00000000000001
115.6
134.4000000000001
110.80000000000001
127.6
140.39999999999995
118.8
125.20000000000002
121.60000000000001
142.00000000000009
112.39999999999999
110.80000000000001
118.00000000000003
117.6
110.0
164.00000000000009
113.60000000000001
130.4
108.8
114.8
142.4
126.40000000000003
122.40000000000002
139.20000000000005
128.40000000000003
105.99999999999999
130.80000000000007
118.80000000000001
119.60000000000001
122.0
150.00000000000009
141.59999999999997
133.20000000000007
115.99999999999999
120.80000000000001
124.80000000000001
128.8
147.20000000000002
136.8
122.40000000000002
138.80000000000004
134.8
142.00000000000006
117.20000000000002
121.2
130.40000000000006
126.39999999999999
141.2
125.19999999999999
123.60000000000001
114.80000000000003
117.60000000000001
132.80000000000004
132.80000000000004
122.80000000000003
122.4
147.6
116.40000000000002
107.19999999999999
111.2
123.2
107.60000000000001
116.80000000000003
125.60000000000002
129.20000000000002
118.80000000000003
130.80000000000004
122.00000000000001
113.19999999999997
123.60000000000002
122.39999999999999
127.20000000000003
117.2
127.99999999999997
125.60000000000001
109.2
142.80000000000007
158.8
110.8
128.80000000000004
108.80000000000001
110.80000000000001
123.20000000000003
164.8000000000001
115.99999999999999
138.00000000000006
122.4
121.6
116.00000000000001
109.60000000000001
146.00000000000003
116.39999999999999
130.0
130.40000000000006
128.4
144.79999999999995
149.6000000000001
125.20000000000005
120.0
144.8
116.4
117.6
115.20000000000002
135.20000000000005
123.6
117.99999999999999
132.00000000000003
118.00000000000004
112.79999999999998
126.8
152.00000000000009
125.6
130.80000000000004
120.0
128.40000000000003
109.6
123.6
129.60000000000005
119.60000000000004
112.0
124.80000000000004
121.60000000000004
138.80000000000007
124.40000000000002
115.19999999999999
180.39999999999992
154.00000000000009
122.0
120.00000000000003
120.00000000000003
113.2
126.80000000000001
119.2
135.6000000000001
120.0
126.8
136.8
119.6
110.0
126.4
112.4
146.0
132.4000000000001
127.60000000000001
124.39999999999998
113.59999999999998
131.60000000000005
132.4
114.8
127.2
123.60000000000002
134.00000000000003
122.80000000000001
117.20000000000002
117.60000000000002
116.40000000000003
141.59999999999997
130.00000000000006
130.00000000000006
114.39999999999999
130.40000000000006
129.20000000000002
106.4
116.4
134.80000000000007
138.4
123.99999999999999
125.20000000000002
144.80000000000004
123.2
143.60000000000002
116.39999999999998
131.20000000000005
125.6
113.2
128.80000000000004
117.19999999999999
123.2
118.39999999999999
123.99999999999999
126.00000000000001
150.0
118.8
130.00000000000003
109.2
144.4000000000001
129.20000000000002
131.6
102.80000000000001
116.8
117.99999999999999
159.20000000000005
126.0
104.0
124.0
116.40000000000002
112.0
117.2
121.60000000000002
123.20000000000003
127.20000000000002
129.2
128.0
131.60000000000005
118.0
115.60000000000001
130.80000000000004
112.80000000000003
124.00000000000001
128.00000000000003
161.60000000000005
126.39999999999999
128.00000000000003
105.19999999999999
124.40000000000002
119.60000000000001
135.60000000000002
110.4
119.60000000000002
122.0
119.59999999999998
131.2
152.00000000000006
113.20000000000002
117.60000000000002
137.20000000000005
112.0
123.60000000000002
119.20000000000003
122.8
112.0
138.4
124.4
114.40000000000002
127.2
135.6
120.40000000000003
112.4
120.80000000000003
107.2
107.60000000000001
134.00000000000003
128.4
120.40000000000003
124.4
104.00000000000001
113.20000000000002
123.2
122.4
132.00000000000003
116.80000000000003
133.20000000000002
149.60000000000002
112.0
108.39999999999999
119.20000000000002
131.20000000000005
100.8
127.60000000000002
112.80000000000001
126.8
121.20000000000002
126.40000000000002
117.60000000000002
106.00000000000001
119.60000000000002
138.39999999999998
122.0
152.00000000000003
112.0
133.20000000000007
127.60000000000001
129.60000000000002
113.19999999999999
122.79999999999998
149.20000000000005
118.4
121.6
123.60000000000004
120.00000000000003
123.6
122.00000000000001
153.60000000000005
130.00000000000003
116.4
120.80000000000003
110.39999999999999
134.00000000000009
143.20000000000007
115.99999999999999
137.60000000000005
128.39999999999998
124.8
120.80000000000001
147.60000000000008
128.00000000000003
135.20000000000005
105.6
140.0
142.80000000000007
116.79999999999998
233.20000000000007
114.79999999999998
136.80000000000013
110.0
125.99999999999999
111.99999999999997
145.6000000000001
136.00000000000003
158.8000000000001
119.60000000000002
123.20000000000003
130.4
117.20000000000003
144.8000000000001
126.79999999999998
118.0
117.20000000000002
134.00000000000009
122.80000000000004
110.80000000000001
118.0
120.0
134.00000000000009
128.8
133.99999999999997
151.6000000000001
133.59999999999997
117.60000000000001
107.99999999999999
146.80000000000007
110.8
121.60000000000002
126.00000000000001
118.8
136.00000000000006
114.80000000000001
131.20000000000002
125.6
129.20000000000005
145.20000000000005
119.60000000000002
136.80000000000004
116.40000000000002
130.00000000000003
126.40000000000002
134.40000000000003
118.4
113.60000000000002
129.6
146.39999999999998
130.00000000000006
135.60000000000002
144.4
140.79999999999995
117.2
145.20000000000007
151.60000000000005
146.00000000000006
126.4
117.20000000000003
122.39999999999999
117.60000000000002
126.40000000000003
110.8
108.4
126.80000000000003
131.2000000000001
109.6
126.40000000000005
111.6
136.0
106.39999999999999
117.20000000000005
113.60000000000001
114.0
132.8
1109.6
114.00000000000003
122.80000000000001
141.6
118.0
113.2
120.0
123.60000000000001
127.60000000000002
129.20000000000002
122.80000000000001
130.80000000000007
127.99999999999999
111.20000000000002
108.40000000000002
121.2
134.80000000000013
138.4000000000001
109.59999999999998
115.20000000000002
151.20000000000007
121.59999999999998
118.80000000000001
162.8000000000001
129.60000000000005
120.0
123.19999999999999
144.80000000000013
118.00000000000003
119.20000000000003
125.19999999999999
115.20000000000005
121.20000000000002
114.00000000000001
124.40000000000002
125.60000000000002
122.80000000000001
136.40000000000015
149.20000000000005
116.80000000000001
146.8
124.40000000000002
137.60000000000008
128.40000000000003
116.00000000000003
118.8
111.20000000000002
130.00000000000006
113.60000000000002
135.20000000000007
112.8
115.99999999999999
111.19999999999999
141.6
139.60000000000008
146.8
111.99999999999999
138.0000000000001
114.40000000000002
143.60000000000005
126.4
146.40000000000006
143.2000000000001
168.00000000000014
127.59999999999998
119.2
128.4
119.20000000000003
110.4
148.4
113.60000000000002
114.39999999999998
129.60000000000005
120.0
120.80000000000004
135.2
118.80000000000001
112.8
117.20000000000002
110.4
126.4
132.40000000000003
198.0
114.80000000000001
114.80000000000003
130.4
133.20000000000002
144.00000000000006
121.6
136.00000000000003
132.80000000000007
326.40000000000003
112.0
109.99999999999999
116.0
126.0
115.6
122.00000000000001
136.00000000000006
121.20000000000002
142.80000000000004
134.00000000000009
123.99999999999997
116.8
269.2000000000002
128.80000000000004
150.8000000000001
113.59999999999998
126.80000000000003
106.79999999999998
138.8
119.2
112.39999999999999
446.80000000000007
122.00000000000003
121.60000000000001
107.60000000000002
108.80000000000001
131.20000000000007
124.8
114.4
118.40000000000002
102.4
133.20000000000005
117.60000000000002
110.8
133.2000000000001
150.80000000000007
133.20000000000007
110.4
128.00000000000003
126.00000000000001
119.19999999999999
142.0
115.2
136.00000000000003
120.39999999999999
120.00000000000001
116.00000000000001
130.80000000000007
117.20000000000003
117.19999999999999
148.00000000000006
106.4
115.19999999999999
119.20000000000002
143.20000000000002
121.2
142.00000000000003
129.60000000000005
115.2
115.99999999999999
120.80000000000001
116.00000000000001
144.40000000000003
112.8
120.40000000000002
115.60000000000001
121.19999999999999
122.0
124.4
120.40000000000002
117.19999999999999
158.80000000000013
128.80000000000004
116.39999999999998
110.39999999999999
107.2
121.6
131.20000000000007
149.20000000000005
132.00000000000009
128.4
103.20000000000002
134.40000000000003
110.40000000000002
117.60000000000004
139.19999999999996
104.8
120.80000000000001
164.80000000000007
166.0
138.4000000000001
117.99999999999999
118.00000000000004
115.2
125.19999999999999
121.60000000000002
108.00000000000001
110.80000000000003
137.60000000000005
131.20000000000005
136.80000000000004
132.4000000000001
136.4000000000001
114.00000000000001
118.79999999999998
142.8
152.40000000000003
127.60000000000002
115.60000000000002
127.6
118.39999999999999
121.20000000000002
119.20000000000003
149.20000000000005
126.00000000000001
120.40000000000002
171.20000000000007
118.40000000000002
119.60000000000001
226.4000000000001
128.0
132.40000000000006
132.4000000000001
119.60000000000001
115.60000000000002
124.40000000000002
222.79999999999998
146.00000000000003
136.8
129.60000000000005
140.0
138.80000000000007
112.4
123.60000000000001
117.99999999999999
135.2000000000001
124.79999999999998
130.0
140.8
128.00000000000003
144.00000000000009
158.4000000000001
139.20000000000005
111.19999999999999
120.0
128.4
121.20000000000003
108.0
109.6
129.20000000000005
134.8
121.19999999999997
123.60000000000001
124.4
109.2
118.8
112.40000000000002
136.79999999999995
113.60000000000002
122.00000000000001
136.00000000000003
112.0
135.60000000000008
110.0
117.20000000000002
125.60000000000001
137.2
118.80000000000003
128.8
130.80000000000004
132.4
122.39999999999999
138.80000000000013
116.0
147.60000000000005
110.39999999999999
116.00000000000001
128.00000000000003
120.0
120.8
116.80000000000001
114.0
113.59999999999997
117.99999999999999
131.20000000000007
117.20000000000003
114.0
122.80000000000001
114.80000000000003
114.80000000000003
111.60000000000001
116.39999999999999
130.00000000000006
129.20000000000002
112.0
132.4000000000001
134.40000000000003
131.20000000000007
120.8
111.2
127.20000000000003
116.8
114.40000000000002
102.0
114.80000000000003
138.80000000000007
111.60000000000001
111.2
124.4
123.60000000000001
136.80000000000007
118.40000000000002
144.0
134.40000000000012
142.40000000000003
113.60000000000002
130.40000000000003
135.6
142.00000000000006
126.00000000000001
144.00000000000009
119.2
113.59999999999998
162.00000000000006
118.80000000000001
121.59999999999998
120.00000000000003
125.20000000000003
114.4
127.20000000000002
110.80000000000001
114.79999999999998
143.20000000000002
354.00000000000006
143.2
124.4
123.2
112.00000000000003
121.60000000000001
106.39999999999999
138.8000000000001
115.20000000000003
130.00000000000006
125.2
124.80000000000003
124.8
124.8
109.2
126.80000000000001
120.4
159.6000000000001
136.0
132.80000000000007
116.8
118.80000000000001
158.40000000000006
139.2000000000001
115.6
154.8
122.80000000000003
115.60000000000002
118.00000000000001
142.80000000000007
116.4
127.6
120.00000000000001
129.6
115.99999999999999
143.20000000000013
132.00000000000009
116.40000000000002
133.6
127.99999999999999
117.59999999999998
120.80000000000004
117.60000000000001
125.20000000000003
110.4
111.20000000000002
107.99999999999999
121.99999999999997
117.6
139.20000000000002
234.39999999999998
135.60000000000008
118.4
116.80000000000003
135.2000000000001
120.0
131.20000000000007
117.20000000000002
118.40000000000002
111.6
129.20000000000005
121.2
115.99999999999999
126.4
125.19999999999999
130.80000000000007
123.2
130.4
138.80000000000013
156.00000000000014
140.8000000000001
109.6
131.20000000000007
138.00000000000006
105.6
131.20000000000005
134.40000000000003
125.20000000000002
114.0
115.6
145.59999999999997
110.4
117.99999999999999
123.60000000000001
122.40000000000005
114.39999999999999
113.99999999999999
116.79999999999998
117.19999999999999
124.00000000000001
142.8000000000001
151.20000000000007
124.39999999999999
120.8
124.8
117.19999999999999
110.4
114.00000000000001
155.6000000000001
128.39999999999998
141.99999999999994
98.00000000000001
152.00000000000006
132.40000000000003
128.0
114.4
117.20000000000002
121.60000000000001
110.80000000000001
154.00000000000006
107.6
122.80000000000001
150.00000000000003
130.40000000000006
144.80000000000004
123.20000000000003
118.4
121.99999999999999
121.20000000000005
125.20000000000003
124.80000000000003
136.40000000000003
132.8000000000001
120.39999999999999
114.00000000000003
118.4
120.40000000000002
129.20000000000002
127.2
127.20000000000003
120.8
136.8
128.0
137.20000000000005
118.80000000000001
117.6
126.8
144.80000000000007
119.6
122.79999999999998
115.20000000000002
119.2
148.0
138.4
124.40000000000003
117.20000000000002
138.39999999999995
118.80000000000001
136.00000000000014
123.60000000000002
128.40000000000003
115.2
124.80000000000003
116.00000000000003
123.6
125.20000000000003
137.99999999999994
118.8
136.4000000000001
119.6
116.39999999999999
124.39999999999999
132.00000000000006
145.60000000000014
120.0
128.40000000000003
123.60000000000002
168.80000000000015
117.6
117.2
114.80000000000001
110.8
144.4
143.60000000000002
113.6
105.6
134.00000000000006
119.60000000000002
119.19999999999999
135.20000000000002
153.60000000000014
110.39999999999999
112.8
114.39999999999999
121.60000000000001
133.60000000000008
117.60000000000001
287.6000000000001
129.60000000000002
140.40000000000003
129.20000000000005
107.60000000000002
136.40000000000003
114.80000000000001
134.40000000000003
119.60000000000001
133.60000000000002
133.60000000000005
121.20000000000002
124.00000000000001
122.0
115.60000000000001
130.00000000000006
116.0
122.40000000000003
130.80000000000007
118.40000000000003
117.6
139.60000000000014
124.79999999999998
143.20000000000005
111.60000000000002
120.8
122.80000000000001
133.20000000000005
124.8
109.2
157.60000000000002
124.80000000000003
118.40000000000002
118.4
133.60000000000002
125.2
150.40000000000012
115.2
133.20000000000005
129.20000000000002
135.2
110.80000000000001
133.20000000000007
119.99999999999999
126.80000000000003
126.00000000000001
121.20000000000002
267.2000000000001
118.00000000000001
122.4
149.20000000000005
118.4
130.40000000000003
137.20000000000005
120.79999999999998
122.80000000000001
142.39999999999998
129.20000000000002
135.60000000000002
109.20000000000002
116.79999999999998
105.2
126.00000000000003
134.40000000000006
118.80000000000001
138.4000000000001
196.4
122.0
128.00000000000003
114.40000000000002
120.4
131.6
141.60000000000002
141.2000000000001
126.8
146.4
120.39999999999999
106.4
132.00000000000006
132.80000000000007
143.20000000000002
124.40000000000002
118.0
118.40000000000003
118.00000000000001
120.40000000000003
142.8
115.60000000000002
117.60000000000001
112.39999999999999
112.39999999999999
139.60000000000002
185.60000000000008
142.00000000000006
136.00000000000006
120.39999999999998
127.19999999999999
117.20000000000002
130.80000000000004
114.39999999999999
113.60000000000001
140.79999999999998
134.80000000000004
115.59999999999998
125.2
124.40000000000003
123.20000000000002
114.8
143.2
117.60000000000001
145.20000000000002
127.59999999999998
112.80000000000001
153.20000000000007
113.19999999999999
143.20000000000005
125.2
124.40000000000002
118.39999999999999
178.80000000000004
137.20000000000005
130.40000000000003
118.4
124.80000000000001
157.20000000000005
119.20000000000002
132.00000000000006
108.0
270.4000000000001
119.2
116.39999999999999
126.79999999999998
116.8
112.0
115.19999999999999
125.20000000000002
130.0
126.40000000000003
122.79999999999998
138.79999999999993
106.0
112.4
117.59999999999998
125.60000000000002
120.8
127.60000000000002
127.60000000000001
130.80000000000007
133.20000000000002
136.40000000000003
166.8
117.20000000000002
134.79999999999995
126.40000000000002
112.80000000000001
128.00000000000003
122.80000000000001
120.4
124.0
119.19999999999997
120.39999999999999
146.4000000000001
119.2
117.2
128.80000000000004
129.60000000000005
119.6
141.60000000000002
124.8
110.39999999999999
118.4
129.60000000000002
143.20000000000007
116.00000000000003
112.39999999999999
136.79999999999995
121.20000000000003
111.60000000000002
180.8000000000001
110.39999999999999
121.60000000000002
110.8
134.8
115.20000000000002
111.99999999999999
132.40000000000003
107.2
113.60000000000001
114.79999999999998
116.4
117.59999999999998
127.20000000000005
112.8
138.4
119.60000000000001
116.80000000000003
127.2
134.00000000000003
119.2
201.20000000000007
130.40000000000006
117.20000000000002
122.4
119.60000000000001
106.80000000000001
121.6
124.4
119.60000000000002
109.60000000000001
116.8
158.00000000000003
132.40000000000006
158.80000000000004
117.60000000000002
113.20000000000002
130.80000000000004
121.60000000000001
117.59999999999998
110.80000000000001
127.60000000000001
129.6
114.00000000000001
165.20000000000007
137.20000000000005
156.0
118.4
115.6
124.8
117.20000000000002
119.60000000000004
131.60000000000008
127.19999999999999
130.40000000000006
121.6
112.4
131.60000000000005
120.39999999999999
113.6
130.00000000000003
168.39999999999998
118.39999999999999
140.4
122.40000000000002
121.19999999999997
108.4
116.0
135.20000000000007
121.60000000000002
130.00000000000003
122.80000000000001
138.00000000000006
153.60000000000008
138.00000000000009
107.60000000000001
120.40000000000002
134.39999999999995
128.80000000000004
112.4
118.00000000000001
118.8
126.00000000000003
122.4
115.60000000000004
108.00000000000001
107.6
123.99999999999999
136.8
132.8
118.00000000000001
116.4
124.80000000000001
112.80000000000001
126.80000000000003
111.60000000000001
132.40000000000003
134.00000000000009
133.60000000000005
116.0
140.00000000000003
127.20000000000002
131.20000000000005
124.80000000000003
117.2
114.80000000000001
122.79999999999998
122.00000000000001
129.20000000000002
115.99999999999999
112.8
102.40000000000002
118.0
119.60000000000001
125.60000000000002
121.60000000000001
118.4
148.4
116.39999999999999
117.20000000000002
131.20000000000007
135.2
140.0
111.2
114.8
166.4000000000001
129.60000000000005
138.80000000000004
102.8
128.39999999999998
126.8
105.60000000000001
122.8
138.80000000000004
110.80000000000001
120.00000000000003
108.8
125.20000000000002
149.60000000000005
111.19999999999999
148.0
123.60000000000001
124.8
120.79999999999998
139.60000000000002
118.4
119.20000000000002
158.40000000000012
126.0
111.99999999999999
153.20000000000007
129.20000000000002
120.0
140.0
122.39999999999998
112.80000000000001
120.40000000000003
112.80000000000001
112.39999999999999
104.4
116.80000000000003
110.0
138.80000000000007
123.20000000000002
108.8
140.80000000000004
115.19999999999999
124.80000000000003
119.99999999999999
122.0
129.60000000000005
138.8000000000001
123.60000000000004
106.39999999999999
118.39999999999999
118.8
139.20000000000005
129.20000000000002
115.20000000000002
116.39999999999999
111.2
115.6
130.40000000000006
140.0
124.39999999999998
151.60000000000002
119.19999999999999
144.8
134.40000000000003
114.0
135.2
118.39999999999999
113.59999999999998
128.0
104.4
120.4
134.40000000000012
125.59999999999998
144.79999999999998
130.40000000000006
114.00000000000001
503.2
113.60000000000001
135.59999999999997
139.6
118.4
123.2
112.4
116.40000000000003
132.00000000000009
122.0
119.20000000000003
113.2
116.40000000000002
103.2
153.60000000000005
120.0
126.8
120.40000000000002
118.4
132.00000000000009
127.20000000000002
140.00000000000009
109.2
114.80000000000003
125.6
143.19999999999996
109.19999999999999
120.00000000000003
123.2
118.0
425.60000000000025
118.0
133.60000000000002
123.19999999999999
114.00000000000001
129.20000000000002
118.39999999999999
166.4
147.60000000000008
110.4
150.80000000000007
117.60000000000001
112.80000000000003
132.80000000000007
116.00000000000001
128.40000000000003
124.40000000000002
114.00000000000001
150.40000000000003
126.0
131.60000000000008
126.4
133.60000000000008
141.60000000000008
132.80000000000004
115.99999999999999
120.0
135.2
128.80000000000004
118.00000000000001
125.20000000000002
147.20000000000005
138.79999999999998
124.80000000000001
108.80000000000001
120.0
116.00000000000001
128.00000000000003
122.40000000000003
131.20000000000002
113.60000000000001
142.80000000000004
145.20000000000005
125.2
115.19999999999999
107.60000000000001
134.80000000000007
171.20000000000007
118.0
105.19999999999999
120.8
150.8
116.79999999999998
104.0
119.60000000000001
137.20000000000005
125.2
122.00000000000003
126.4
118.8
125.60000000000004
121.59999999999998
112.4
128.79999999999998
111.99999999999999
122.80000000000001
145.6
144.4
132.40000000000006
117.19999999999999
147.20000000000005
115.60000000000001
127.59999999999998
152.00000000000006
135.2000000000001
123.99999999999999
110.0
131.20000000000002
125.20000000000002
120.8
122.00000000000001
121.59999999999998
116.4
116.8
106.80000000000001
147.60000000000005
120.00000000000001
132.80000000000004
134.4000000000001
115.60000000000001
126.4
112.80000000000001
118.39999999999998
161.20000000000016
132.80000000000007
136.0
117.6
120.4
112.80000000000001
145.60000000000005
142.40000000000003
131.20000000000005
119.20000000000003
114.00000000000001
124.4
126.8
410.0
131.60000000000008
122.80000000000001
125.19999999999999
111.2
140.8
110.8
114.0
113.20000000000002
154.8
130.80000000000007
127.60000000000001
120.4
130.00000000000006
139.99999999999997
132.40000000000003
127.60000000000004
112.39999999999999
132.80000000000004
108.8
149.60000000000005
114.39999999999999
121.99999999999997
123.99999999999999
140.39999999999998
124.00000000000003
126.00000000000003
109.2
120.00000000000001
116.79999999999997
114.80000000000003
128.8
118.40000000000002
132.00000000000006
110.39999999999999
130.00000000000006
119.19999999999999
115.2
113.6
125.19999999999997
128.80000000000004
108.00000000000001
120.80000000000001
127.99999999999997
118.0
122.80000000000001
149.6
109.60000000000002
115.6
119.99999999999999
115.20000000000002
134.8000000000001
135.60000000000002
124.4
116.00000000000001
127.2
121.60000000000001
116.39999999999999
126.40000000000002
116.8
108.39999999999999
122.40000000000003
141.6
121.60000000000001
111.60000000000001
132.40000000000006
112.80000000000003
143.20000000000007
134.00000000000009
117.60000000000002
115.19999999999999
115.60000000000001
121.60000000000002
139.60000000000002
117.60000000000002
113.6
127.19999999999999
137.2
154.80000000000007
120.80000000000001
120.4
114.00000000000001
109.60000000000001
113.20000000000003
114.39999999999999
141.6
120.39999999999998
119.6
122.39999999999999
154.0000000000001
121.20000000000002
136.00000000000003
130.00000000000006
122.79999999999998
140.80000000000007
142.00000000000009
98.39999999999999
124.4
113.60000000000001
146.40000000000006
119.2
123.20000000000003
130.00000000000003
123.6
107.20000000000002
124.80000000000001
110.39999999999999
144.00000000000003
108.0
133.20000000000007
114.40000000000002
138.0
115.19999999999999
110.4
135.2
111.6
101.6
133.20000000000002
138.80000000000004
123.20000000000002
111.20000000000002
122.40000000000003
107.2
110.00000000000001
144.4000000000001
130.80000000000004
118.00000000000001
128.4
139.6
114.4
118.80000000000004
117.60000000000002
129.60000000000002
122.40000000000002
115.6
146.80000000000004
149.20000000000002
174.0
124.0
122.00000000000003
128.79999999999998
126.8
146.8000000000001
127.99999999999999
126.80000000000003
135.20000000000002
127.6
112.4
128.80000000000004
119.2
127.20000000000002
115.6
119.60000000000001
106.8
120.40000000000003
125.6
133.20000000000005
107.19999999999999
128.00000000000003
131.20000000000007
120.0
120.0
162.80000000000013
126.80000000000001
119.60000000000004
143.60000000000005
116.00000000000003
140.80000000000007
118.79999999999998
110.39999999999999
122.39999999999999
127.20000000000002
130.00000000000003
134.8
154.00000000000006
128.0
137.60000000000005
132.00000000000009
126.4
119.19999999999997
122.4
120.0
125.60000000000001
167.20000000000002
117.19999999999997
142.79999999999998
128.40000000000003
125.60000000000001
117.2
124.0
142.80000000000004
118.40000000000002
118.40000000000002
127.99999999999999
118.00000000000001
130.40000000000003
146.0
126.00000000000003
122.79999999999998
129.60000000000002
143.60000000000005
113.19999999999999
117.19999999999999
109.60000000000001
121.60000000000004
130.40000000000006
115.20000000000003
124.79999999999998
134.79999999999995
126.40000000000002
126.0
134.4
123.6
123.60000000000002
110.0
122.40000000000002
134.79999999999998
148.4
150.4000000000001
140.80000000000007
114.00000000000001
118.40000000000002
133.99999999999997
113.6
134.00000000000003
140.80000000000004
112.80000000000001
127.60000000000002
115.6
123.19999999999999
125.60000000000001
113.2
133.60000000000008
116.00000000000003
122.80000000000001
119.20000000000003
112.0
124.39999999999999
123.20000000000003
112.40000000000002
132.4000000000001
120.0
122.40000000000002
114.4
138.40000000000003
175.20000000000016
117.20000000000002
122.40000000000002
116.80000000000001
124.80000000000001
106.8
193.99999999999994
132.00000000000006
125.60000000000002
133.6000000000001
127.20000000000002
119.60000000000002
109.2
125.20000000000002
125.60000000000002
148.4
124.80000000000003
125.60000000000001
114.4
129.20000000000002
124.00000000000001
126.80000000000003
124.80000000000003
102.39999999999999
114.80000000000001
114.40000000000002
118.39999999999998
119.2
147.20000000000007
122.40000000000002
120.4
120.00000000000001
113.6
124.4
110.80000000000001
119.19999999999999
128.79999999999998
124.39999999999999
117.2
136.79999999999998
111.99999999999997
105.6
108.79999999999998
117.20000000000002
108.79999999999998
124.40000000000002
113.6
126.8
130.00000000000006
144.8
136.4000000000001
116.79999999999998
124.4
120.0
155.60000000000005
118.79999999999998
137.59999999999997
113.20000000000002
132.4000000000001
114.4
125.60000000000002
122.80000000000003
137.2000000000001
124.80000000000001
113.60000000000001
117.2
123.6
120.8
117.60000000000001
109.59999999999998
109.60000000000001
135.60000000000002
124.4
125.99999999999999
150.80000000000004
148.8
139.19999999999993
122.00000000000003
121.2
128.0
164.00000000000003
116.39999999999999
118.0
136.4000000000001
142.00000000000006
118.80000000000003
116.4
120.00000000000001
136.80000000000013
141.2000000000001
132.00000000000003
123.2
118.0
119.60000000000001
118.00000000000001
135.20000000000005
122.40000000000002
120.00000000000004
131.60000000000008
123.20000000000005
115.2
142.79999999999998
123.19999999999997
127.2
142.4
137.60000000000002
137.60000000000002
132.40000000000003
124.79999999999998
149.60000000000005
144.80000000000007
113.20000000000002
126.0
114.00000000000001
120.39999999999999
119.20000000000002
115.6
126.40000000000002
133.60000000000005
134.8
112.39999999999999
128.00000000000003
132.80000000000007
114.80000000000003
140.40000000000006
124.80000000000001
119.6
114.80000000000003
120.8
149.60000000000002
135.2
124.4
134.00000000000006
131.60000000000008
126.00000000000003
135.2
114.8
136.40000000000003
110.0
108.39999999999998
129.60000000000002
105.2
118.80000000000004
118.80000000000001
114.40000000000002
131.20000000000002
110.4
111.2
135.60000000000002
141.20000000000005
114.39999999999999
114.39999999999999
128.80000000000004
119.6
136.39999999999998
108.40000000000002
139.60000000000002
118.4
120.39999999999998
116.40000000000002
114.8
126.4
125.6
122.0
113.20000000000003
135.60000000000002
103.60000000000001
122.00000000000001
157.20000000000013
130.00000000000003
119.6
111.60000000000002
122.39999999999999
110.8
117.60000000000002
122.8
111.6
121.20000000000002
138.4
130.00000000000003
109.60000000000002
125.20000000000003
142.79999999999995
120.40000000000002
105.19999999999999
125.19999999999996
116.00000000000001
118.8
112.00000000000001
126.80000000000001
131.20000000000005
112.4
146.8
116.8
164.8
121.20000000000002
158.0
127.99999999999999
112.40000000000002
129.60000000000002
114.4
125.20000000000003
136.8000000000001
133.20000000000002
114.80000000000003
125.20000000000002
112.00000000000001
115.6
157.20000000000007
122.4
134.0
109.6
108.4
130.80000000000004
115.2
123.2
133.60000000000002
108.0
117.19999999999999
125.19999999999999
116.8
137.20000000000005
136.40000000000006
134.40000000000003
121.19999999999999
261.20000000000005
131.20000000000007
118.4
119.2
134.00000000000003
161.6000000000001
110.8
127.20000000000002
115.19999999999999
149.6
135.20000000000005
130.80000000000004
119.6
159.60000000000014
738.7999999999986
120.0
123.60000000000002
119.60000000000001
113.59999999999997
112.80000000000001
127.20000000000002
142.40000000000006
133.20000000000005
108.0
116.80000000000001
127.60000000000001
151.2000000000001
112.39999999999999
135.20000000000002
114.39999999999998
141.60000000000002
132.8000000000001
115.99999999999999
122.00000000000001
135.20000000000005
120.80000000000001
150.4000000000001
123.19999999999999
107.60000000000002
162.80000000000013
101.2
118.0
143.6
114.0
133.2000000000001
124.00000000000001
118.4
113.59999999999998
114.80000000000003
125.60000000000002
106.80000000000001
137.60000000000008
136.39999999999998
115.19999999999999
120.80000000000003
114.00000000000003
116.39999999999998
120.4
122.0
128.4
115.6
142.00000000000003
114.00000000000001
122.79999999999998
123.19999999999999
108.8
124.80000000000001
138.40000000000006
123.20000000000003
107.2
123.6
152.4000000000001
119.60000000000002
149.60000000000005
126.39999999999999
128.00000000000003
116.4
116.0
112.40000000000003
128.80000000000004
120.80000000000001
120.80000000000003
145.60000000000002
122.00000000000003
123.2
121.2
125.19999999999999
114.80000000000001
119.19999999999999
188.80000000000004
121.2
118.4
115.60000000000001
129.6
119.2
102.0
116.80000000000003
142.79999999999998
135.20000000000005
141.2
112.00000000000003
122.00000000000003
116.40000000000002
120.4
131.60000000000008
126.0
121.60000000000002
117.20000000000003
113.99999999999999
115.19999999999999
129.20000000000005
107.2
108.79999999999998
112.0
125.99999999999999
133.2000000000001
121.6
